664,5
664,4
664,3
664,2
664,1
664,0
663,4
663,3
663,2
663,1
663,0
662,3
662,2
662,1
662,0
661,5
661,4
661,3
661,2
661,1
661,0
660,4
660,3
660,2
660,1
660,0
659,3
659,2
659,1
659,0
658,4
658,3
658,2
658,1
658,0
657,3
657,2
657,1
657,0
656,4
656,3
656,2
656,1
656,0
655,3
655,2
655,1
655,0
654,4
654,3
654,2
654,1
654,0
653,3
653,2
653,1
653,0
652,4
652,3
652,2
652,1
652,0
651,3
651,2
651,1
651,0
650,4
650,3
650,2
650,1
650,0
649,3
649,2
649,1
649,0
648,4
648,3
648,2
648,1
648,0
647,3
647,2
647,1
647,0
646,4
646,3
646,2
646,1
646,0
645,4
645,3
645,2
645,1
645,0
644,4
644,3
644,2
644,1
644,0
643,4
643,3
643,2
643,1
643,0
642,7
642,6
642,5
642,4
642,3
642,2
642,1
642,0
641,7
641,6
641,5
641,4
641,3
641,2
641,1
641,0
640,7
640,6
640,5
640,4
640,3
640,2
640,1
640,0
639,7
639,6
639,5
639,4
639,3
639,2
639,1
639,0
638,3
638,2
638,1
638,0
626,5
637,3
637,2
637,1
637,0
636,3
636,2
636,1
636,0
635,3
635,2
635,1
635,0
634,3
634,2
634,1
634,0
633,3
633,2
633,1
633,0
632,3
632,2
632,1
632,0
631,3
631,2
631,1
631,0
630,3
630,2
630,1
630,0
629,3
629,2
629,1
629,0
628,3
628,2
628,1
628,0
627,3
627,2
627,1
627,0
626,4
626,3
626,2
626,1
626,0
625,3
625,2
625,1
625,0
613,5
624,3
624,2
624,1
624,0
623,3
623,2
623,1
623,0
622,3
622,2
622,1
622,0
621,3
621,2
621,1
621,0
620,3
620,2
620,1
620,0
619,3
619,2
619,1
619,0
618,3
618,2
618,1
618,0
617,3
617,2
617,1
617,0
616,3
616,2
616,1
616,0
615,3
615,2
615,1
615,0
614,3
614,2
614,1
614,0
613,4
613,3
613,2
613,1
613,0
612,3
612,2
612,1
612,0
611,3
611,2
611,1
611,0
610,4
610,3
610,2
610,1
610,0
609,5
609,4
609,3
609,2
609,1
609,0
608,4
608,3
608,2
608,1
608,0
607,3
607,2
607,1
607,0
606,5
606,4
606,3
606,2
606,1
606,0
605,4
605,3
605,2
605,1
605,0
604,3
604,2
604,1
604,0
603,4
603,3
603,2
603,1
603,0
602,3
602,2
602,1
602,0
601,4
601,3
601,2
601,1
601,0
600,3
600,2
600,1
600,0
599,4
599,3
599,2
599,1
599,0
598,3
598,2
598,1
598,0
597,4
597,3
597,2
597,1
597,0
596,3
596,2
596,1
596,0
595,4
595,3
595,2
595,1
595,0
594,3
594,2
594,1
594,0
593,4
593,3
593,2
593,1
593,0
592,3
592,2
592,1
592,0
591,4
591,3
591,2
591,1
591,0
590,4
590,3
590,2
590,1
590,0
589,4
589,3
589,2
589,1
589,0
588,4
588,3
588,2
588,1
588,0
587,7
587,6
587,5
587,4
587,3
587,2
587,1
587,0
586,7
586,6
586,5
586,4
586,3
586,2
586,1
586,0
585,7
585,6
585,5
585,4
585,3
585,2
585,1
585,0
584,7
584,6
584,5
584,4
584,3
584,2
584,1
584,0
583,3
583,2
583,1
583,0
571,5
582,3
582,2
582,1
582,0
581,3
581,2
581,1
581,0
580,3
580,2
580,1
580,0
579,3
579,2
579,1
579,0
578,3
578,2
578,1
578,0
577,3
577,2
577,1
577,0
576,3
576,2
576,1
576,0
575,3
575,2
575,1
575,0
574,3
574,2
574,1
574,0
573,3
573,2
573,1
573,0
572,3
572,2
572,1
572,0
571,4
571,3
571,2
571,1
571,0
570,3
570,2
570,1
570,0
558,5
569,3
569,2
569,1
569,0
568,3
568,2
568,1
568,0
567,3
567,2
567,1
567,0
566,3
566,2
566,1
566,0
565,3
565,2
565,1
565,0
564,3
564,2
564,1
564,0
563,3
563,2
563,1
563,0
562,3
562,2
562,1
562,0
561,3
561,2
561,1
561,0
560,3
560,2
560,1
560,0
559,3
559,2
559,1
559,0
558,4
558,3
558,2
558,1
558,0
557,3
557,2
557,1
557,0
556,3
556,2
556,1
556,0
555,5
555,4
555,3
555,2
555,1
555,0
554,4
554,3
554,2
554,1
554,0
553,3
553,2
553,1
553,0
552,5
552,4
552,3
552,2
552,1
552,0
551,4
551,3
551,2
551,1
551,0
550,3
550,2
550,1
550,0
549,4
549,3
549,2
549,1
549,0
548,3
548,2
548,1
548,0
547,4
547,3
547,2
547,1
547,0
546,3
546,2
546,1
546,0
545,4
545,3
545,2
545,1
545,0
544,3
544,2
544,1
544,0
543,4
543,3
543,2
543,1
543,0
542,3
542,2
542,1
542,0
541,4
541,3
541,2
541,1
541,0
540,3
540,2
540,1
540,0
539,4
539,3
539,2
539,1
539,0
538,3
538,2
538,1
538,0
537,4
537,3
537,2
537,1
537,0
536,4
536,3
536,2
536,1
536,0
535,4
535,3
535,2
535,1
535,0
534,3
534,2
534,1
534,0
533,7
533,6
533,5
533,4
533,3
533,2
533,1
533,0
532,7
532,6
532,5
532,4
532,3
532,2
532,1
532,0
531,7
531,6
531,5
531,4
531,3
531,2
531,1
531,0
530,7
530,6
530,5
530,4
530,3
530,2
530,1
530,0
529,3
529,2
529,1
529,0
517,5
528,3
528,2
528,1
528,0
527,3
527,2
527,1
527,0
526,3
526,2
526,1
526,0
525,3
525,2
525,1
525,0
524,3
524,2
524,1
524,0
523,3
523,2
523,1
523,0
522,3
522,2
522,1
522,0
521,3
521,2
521,1
521,0
520,3
520,2
520,1
520,0
519,3
519,2
519,1
519,0
518,3
518,2
518,1
518,0
517,4
517,3
517,2
517,1
517,0
516,3
516,2
516,1
516,0
504,5
515,3
515,2
515,1
515,0
514,3
514,2
514,1
514,0
513,3
513,2
513,1
513,0
512,3
512,2
512,1
512,0
511,3
511,2
511,1
511,0
510,3
510,2
510,1
510,0
509,3
509,2
509,1
509,0
508,3
508,2
508,1
508,0
507,3
507,2
507,1
507,0
506,3
506,2
506,1
506,0
505,3
505,2
505,1
505,0
504,4
504,3
504,2
504,1
504,0
503,3
503,2
503,1
503,0
502,3
502,2
502,1
502,0
501,5
501,4
501,3
501,2
501,1
501,0
500,4
500,3
500,2
500,1
500,0
499,3
499,2
499,1
499,0
498,5
498,4
498,3
498,2
498,1
498,0
497,4
497,3
497,2
497,1
497,0
496,3
496,2
496,1
496,0
495,4
495,3
495,2
495,1
495,0
494,3
494,2
494,1
494,0
493,4
493,3
493,2
493,1
493,0
492,3
492,2
492,1
492,0
491,4
491,3
491,2
491,1
491,0
490,3
490,2
490,1
490,0
489,4
489,3
489,2
489,1
489,0
488,3
488,2
488,1
488,0
487,4
487,3
487,2
487,1
487,0
486,3
486,2
486,1
486,0
485,4
485,3
485,2
485,1
485,0
484,3
484,2
484,1
484,0
483,4
483,3
483,2
483,1
483,0
482,4
482,3
482,2
482,1
482,0
481,4
481,3
481,2
481,1
481,0
480,3
480,2
480,1
480,0
479,7
479,6
479,5
479,4
479,3
479,2
479,1
479,0
478,7
478,6
478,5
478,4
478,3
478,2
478,1
478,0
477,7
477,6
477,5
477,4
477,3
477,2
477,1
477,0
476,7
476,6
476,5
476,4
476,3
476,2
476,1
476,0
475,3
475,2
475,1
475,0
463,5
474,3
474,2
474,1
474,0
473,3
473,2
473,1
473,0
472,3
472,2
472,1
472,0
471,3
471,2
471,1
471,0
470,3
470,2
470,1
470,0
469,3
469,2
469,1
469,0
468,3
468,2
468,1
468,0
467,3
467,2
467,1
467,0
466,3
466,2
466,1
466,0
465,3
465,2
465,1
465,0
464,3
464,2
464,1
464,0
463,4
463,3
463,2
463,1
463,0
462,3
462,2
462,1
462,0
450,5
461,3
461,2
461,1
461,0
460,3
460,2
460,1
460,0
459,3
459,2
459,1
459,0
458,3
458,2
458,1
458,0
457,3
457,2
457,1
457,0
456,3
456,2
456,1
456,0
455,3
455,2
455,1
455,0
454,3
454,2
454,1
454,0
453,3
453,2
453,1
453,0
452,3
452,2
452,1
452,0
451,3
451,2
451,1
451,0
450,4
450,3
450,2
450,1
450,0
449,3
449,2
449,1
449,0
448,3
448,2
448,1
448,0
447,3
447,2
447,1
447,0
446,4
446,3
446,2
446,1
446,0
445,3
445,2
445,1
445,0
444,4
444,3
444,2
444,1
444,0
443,3
443,2
443,1
443,0
442,4
442,3
442,2
442,1
442,0
441,3
441,2
441,1
441,0
440,4
440,3
440,2
440,1
440,0
439,4
439,3
439,2
439,1
439,0
438,4
438,3
438,2
438,1
438,0
437,3
437,2
437,1
437,0
436,7
436,6
436,5
436,4
436,3
436,2
436,1
436,0
435,7
435,6
435,5
435,4
435,3
435,2
435,1
435,0
434,7
434,6
434,5
434,4
434,3
434,2
434,1
434,0
433,7
433,6
433,5
433,4
433,3
433,2
433,1
433,0
432,3
432,2
432,1
432,0
420,5
431,3
431,2
431,1
431,0
430,3
430,2
430,1
430,0
429,3
429,2
429,1
429,0
428,3
428,2
428,1
428,0
427,3
427,2
427,1
427,0
426,3
426,2
426,1
426,0
425,3
425,2
425,1
425,0
424,3
424,2
424,1
424,0
423,3
423,2
423,1
423,0
422,3
422,2
422,1
422,0
421,3
421,2
421,1
421,0
420,4
420,3
420,2
420,1
420,0
419,3
419,2
0,447
419,1
419,0
407,5
418,3
418,2
418,1
418,0
417,3
417,2
417,1
417,0
416,3
416,2
416,1
416,0
415,3
415,2
415,1
415,0
414,3
414,2
414,1
414,0
413,3
413,2
413,1
413,0
412,3
412,2
412,1
412,0
411,3
411,2
411,1
411,0
410,3
410,2
410,1
410,0
409,3
409,2
409,1
409,0
408,3
408,2
408,1
408,0
407,4
407,3
407,2
407,1
407,0
406,3
406,2
406,1
406,0
405,3
405,2
405,1
405,0
404,5
404,4
404,3
404,2
404,1
404,0
403,4
403,3
403,2
403,1
403,0
402,3
402,2
402,1
402,0
401,5
401,4
401,3
401,2
401,1
401,0
400,4
400,3
400,2
400,1
400,0
399,3
399,2
399,1
399,0
398,4
398,3
398,2
398,1
398,0
397,3
397,2
397,1
397,0
396,4
396,3
396,2
396,1
396,0
395,3
395,2
395,1
395,0
394,4
394,3
394,2
394,1
394,0
0,446
393,4
393,3
393,2
393,1
393,0
392,3
392,2
392,1
392,0
391,4
391,3
391,2
391,1
391,0
390,3
390,2
390,1
390,0
389,4
389,3
389,2
389,1
389,0
388,3
388,2
388,1
388,0
387,4
387,3
387,2
387,1
387,0
386,3
386,2
386,1
386,0
385,4
385,3
385,2
0,445
385,1
385,0
384,4
384,3
384,2
384,1
384,0
383,4
383,3
383,2
383,1
383,0
382,3
382,2
382,1
382,0
381,7
381,6
381,5
381,4
381,3
381,2
381,1
381,0
380,7
380,6
380,5
380,4
380,3
380,2
380,1
380,0
379,7
379,6
379,5
379,4
379,3
379,2
379,1
379,0
378,7
378,6
378,5
378,4
378,3
378,2
378,1
378,0
377,3
377,2
377,1
377,0
365,5
376,3
376,2
376,1
376,0
375,3
375,2
375,1
375,0
374,3
374,2
374,1
374,0
373,3
373,2
373,1
373,0
372,3
372,2
372,1
372,0
371,3
371,2
371,1
371,0
370,3
370,2
370,1
370,0
369,3
369,2
369,1
369,0
368,3
368,2
368,1
368,0
367,3
367,2
367,1
367,0
366,3
366,2
366,1
366,0
365,4
365,3
365,2
365,1
365,0
0,444
364,3
364,2
364,1
364,0
352,5
363,3
363,2
363,1
363,0
362,3
362,2
362,1
362,0
361,3
361,2
361,1
361,0
360,3
360,2
360,1
360,0
359,3
359,2
359,1
359,0
358,3
358,2
358,1
358,0
357,3
357,2
357,1
357,0
356,3
356,2
356,1
356,0
355,3
355,2
355,1
355,0
354,3
354,2
354,1
354,0
353,3
353,2
353,1
353,0
352,4
352,3
352,2
352,1
352,0
351,3
351,2
351,1
351,0
350,3
350,2
350,1
350,0
0,443
0,442
0,441
349,4
349,3
349,2
349,1
349,0
348,3
348,2
348,1
348,0
347,4
347,3
347,2
347,1
347,0
0,440
0,439
346,4
346,3
346,2
346,1
346,0
345,3
345,2
345,1
345,0
344,4
344,3
344,2
344,1
344,0
343,3
343,2
343,1
343,0
342,4
342,3
342,2
342,1
342,0
341,3
341,2
341,1
341,0
340,4
340,3
340,2
340,1
340,0
339,3
339,2
339,1
339,0
338,4
338,3
338,2
338,1
338,0
337,4
337,3
337,2
337,1
337,0
336,4
336,3
336,2
336,1
336,0
335,3
335,2
335,1
335,0
334,7
334,6
334,5
334,4
334,3
334,2
334,1
334,0
333,7
333,6
333,5
333,4
333,3
333,2
333,1
333,0
332,7
332,6
332,5
332,4
332,3
332,2
332,1
332,0
331,7
331,6
331,5
331,4
331,3
331,2
331,1
331,0
330,3
330,2
330,1
330,0
318,5
329,3
329,2
329,1
329,0
328,3
328,2
328,1
328,0
327,3
327,2
327,1
327,0
326,3
326,2
326,1
326,0
325,3
325,2
325,1
325,0
324,3
324,2
324,1
324,0
323,3
323,2
323,1
323,0
322,3
322,2
322,1
322,0
321,3
321,2
321,1
321,0
320,3
320,2
320,1
320,0
319,3
319,2
319,1
319,0
318,4
318,3
318,2
318,1
318,0
317,3
317,2
317,1
317,0
305,5
316,3
316,2
316,1
316,0
315,3
315,2
315,1
315,0
314,3
314,2
314,1
314,0
313,3
313,2
313,1
313,0
312,3
312,2
312,1
312,0
311,3
311,2
311,1
311,0
310,3
310,2
310,1
310,0
309,3
309,2
309,1
309,0
308,3
308,2
308,1
308,0
307,3
307,2
307,1
307,0
306,3
306,2
306,1
306,0
305,4
305,3
305,2
305,1
305,0
304,3
304,2
304,1
304,0
303,3
303,2
303,1
303,0
0,438
302,5
302,4
302,3
302,2
302,1
302,0
301,4
301,3
301,2
301,1
301,0
300,3
300,2
300,1
300,0
299,4
299,3
299,2
299,1
299,0
298,3
298,2
298,1
298,0
297,4
297,3
297,2
297,1
297,0
296,3
296,2
296,1
296,0
295,4
295,3
295,2
295,1
295,0
294,4
294,3
294,2
294,1
294,0
293,3
293,2
293,1
293,0
292,4
292,3
292,2
292,1
292,0
291,3
291,2
291,1
291,0
290,4
290,3
290,2
290,1
290,0
289,3
289,2
289,1
289,0
288,4
288,3
288,2
288,1
288,0
287,3
287,2
287,1
287,0
286,4
286,3
286,2
286,1
286,0
285,4
285,3
285,2
285,1
285,0
284,4
284,3
284,2
284,1
284,0
283,3
283,2
283,1
283,0
282,7
282,6
282,5
282,4
282,3
282,2
282,1
282,0
281,7
281,6
281,5
281,4
281,3
281,2
281,1
281,0
280,7
280,6
280,5
280,4
280,3
280,2
280,1
280,0
279,7
279,6
279,5
279,4
279,3
279,2
279,1
279,0
278,3
278,2
278,1
278,0
266,5
277,3
277,2
277,1
277,0
276,3
276,2
276,1
276,0
275,3
275,2
275,1
275,0
274,3
274,2
274,1
274,0
273,3
273,2
273,1
273,0
272,3
272,2
272,1
272,0
271,3
271,2
271,1
271,0
270,3
270,2
270,1
270,0
269,3
269,2
269,1
269,0
268,3
268,2
268,1
268,0
267,3
267,2
267,1
267,0
266,4
266,3
266,2
266,1
266,0
265,3
265,2
265,1
265,0
253,5
264,3
264,2
264,1
264,0
263,3
263,2
263,1
263,0
262,3
262,2
262,1
262,0
261,3
261,2
261,1
261,0
260,3
260,2
260,1
260,0
259,3
259,2
259,1
259,0
258,3
258,2
258,1
258,0
257,3
257,2
257,1
257,0
256,3
256,2
256,1
256,0
255,3
255,2
255,1
255,0
254,3
254,2
254,1
254,0
253,4
253,3
253,2
253,1
253,0
252,3
252,2
252,1
252,0
251,3
251,2
251,1
251,0
250,4
250,3
250,2
250,1
250,0
249,4
249,3
249,2
249,1
249,0
248,3
248,2
248,1
248,0
247,7
247,6
247,5
247,4
247,3
247,2
247,1
247,0
246,7
246,6
246,5
246,4
246,3
246,2
246,1
246,0
245,7
245,6
245,5
245,4
245,3
245,2
245,1
245,0
244,7
244,6
244,5
244,4
244,3
244,2
244,1
244,0
243,3
243,2
243,1
243,0
231,5
242,3
242,2
242,1
242,0
241,3
241,2
241,1
241,0
240,3
240,2
240,1
240,0
239,3
239,2
239,1
239,0
238,3
238,2
238,1
238,0
237,3
237,2
237,1
237,0
236,3
236,2
236,1
236,0
235,3
235,2
235,1
235,0
234,3
234,2
234,1
234,0
233,3
233,2
233,1
233,0
232,3
232,2
232,1
232,0
231,4
231,3
231,2
231,1
231,0
230,3
230,2
230,1
230,0
218,5
229,3
229,2
229,1
229,0
228,3
228,2
228,1
228,0
227,3
227,2
227,1
227,0
226,3
226,2
226,1
226,0
225,3
225,2
225,1
225,0
224,3
224,2
224,1
224,0
223,3
223,2
223,1
223,0
222,3
222,2
222,1
222,0
221,3
221,2
221,1
221,0
220,3
220,2
220,1
220,0
219,3
219,2
219,1
219,0
218,4
218,3
218,2
218,1
218,0
217,3
217,2
217,1
217,0
216,3
216,2
216,1
216,0
215,4
215,3
215,2
215,1
215,0
214,3
214,2
214,1
214,0
213,7
213,6
213,5
213,4
213,3
213,2
213,1
213,0
212,7
212,6
212,5
212,4
212,3
212,2
212,1
212,0
211,7
211,6
211,5
211,4
211,3
211,2
211,1
211,0
210,7
210,6
210,5
210,4
210,3
210,2
210,1
210,0
209,3
209,2
209,1
209,0
197,5
208,3
208,2
208,1
208,0
207,3
207,2
207,1
207,0
206,3
206,2
206,1
206,0
205,3
205,2
205,1
205,0
204,3
204,2
204,1
204,0
203,3
203,2
203,1
203,0
202,3
202,2
202,1
202,0
201,3
201,2
201,1
201,0
200,3
200,2
200,1
200,0
199,3
199,2
199,1
199,0
198,3
198,2
198,1
198,0
197,4
197,3
197,2
197,1
197,0
196,3
196,2
196,1
196,0
184,5
195,3
195,2
195,1
195,0
194,3
194,2
194,1
194,0
193,3
193,2
193,1
193,0
192,3
192,2
192,1
192,0
191,3
191,2
191,1
191,0
190,3
190,2
190,1
190,0
189,3
189,2
189,1
189,0
188,3
188,2
188,1
188,0
187,3
187,2
187,1
187,0
186,3
186,2
186,1
186,0
185,3
185,2
185,1
185,0
184,4
184,3
184,2
184,1
184,0
183,3
183,2
183,1
183,0
182,3
182,2
182,1
182,0
181,7
181,6
181,5
181,4
181,3
181,2
181,1
181,0
180,7
180,6
180,5
180,4
180,3
180,2
180,1
180,0
179,7
179,6
179,5
179,4
179,3
179,2
179,1
179,0
178,7
178,6
178,5
178,4
178,3
178,2
178,1
178,0
177,3
177,2
177,1
177,0
165,5
176,3
176,2
176,1
176,0
175,3
175,2
175,1
175,0
174,3
174,2
174,1
174,0
173,3
173,2
173,1
173,0
172,3
172,2
172,1
172,0
171,3
171,2
171,1
171,0
170,3
170,2
170,1
170,0
169,3
169,2
169,1
169,0
168,3
168,2
168,1
168,0
167,3
167,2
167,1
167,0
166,3
166,2
166,1
166,0
165,4
165,3
165,2
165,1
165,0
164,3
164,2
164,1
164,0
152,5
163,3
163,2
163,1
163,0
162,3
162,2
162,1
162,0
161,3
161,2
161,1
161,0
160,3
160,2
160,1
160,0
159,3
159,2
159,1
159,0
158,3
158,2
158,1
158,0
157,3
157,2
157,1
157,0
156,3
156,2
156,1
156,0
155,3
155,2
155,1
155,0
154,3
154,2
154,1
154,0
153,3
153,2
153,1
153,0
152,4
152,3
152,2
152,1
152,0
151,3
151,2
151,1
151,0
0,437
150,3
150,2
150,1
150,0
0,436
0,435
149,4
149,3
149,2
149,1
149,0
148,3
148,2
148,1
148,0
147,7
147,6
147,5
147,4
147,3
147,2
147,1
147,0
146,7
146,6
146,5
146,4
146,3
146,2
0,434
146,1
146,0
0,433
0,432
0,431
0,430
0,429
0,428
0,427
0,426
145,7
145,6
145,5
145,4
145,3
145,2
145,1
145,0
144,7
144,6
0,425
0,424
0,423
144,5
0,422
0,421
0,420
0,419
144,4
0,418
144,3
144,2
144,1
144,0
143,3
143,2
143,1
143,0
131,5
142,3
142,2
142,1
142,0
141,3
141,2
141,1
141,0
140,3
140,2
140,1
140,0
139,3
139,2
139,1
139,0
138,3
138,2
138,1
138,0
137,3
137,2
137,1
137,0
136,3
136,2
136,1
136,0
135,3
135,2
135,1
135,0
134,3
134,2
134,1
134,0
133,3
133,2
133,1
133,0
132,3
132,2
132,1
132,0
131,4
131,3
131,2
131,1
131,0
130,3
130,2
130,1
130,0
118,5
129,3
129,2
129,1
129,0
128,3
128,2
128,1
128,0
127,3
127,2
127,1
127,0
126,3
126,2
126,1
126,0
125,3
125,2
125,1
125,0
124,3
124,2
124,1
124,0
123,3
123,2
123,1
123,0
122,3
122,2
122,1
122,0
121,3
121,2
121,1
121,0
120,3
120,2
120,1
120,0
119,3
119,2
119,1
119,0
118,4
118,3
118,2
118,1
118,0
117,3
117,2
117,1
117,0
116,3
116,2
116,1
116,0
0,417
0,416
0,415
0,414
0,413
0,412
0,411
0,410
115,3
115,2
115,1
115,0
103,5
0,409
0,408
114,3
114,2
114,1
114,0
113,3
113,2
113,1
113,0
112,3
112,2
112,1
112,0
111,3
111,2
111,1
111,0
110,3
110,2
110,1
110,0
109,3
109,2
109,1
109,0
108,3
108,2
108,1
108,0
107,3
107,2
107,1
107,0
106,3
106,2
106,1
106,0
105,3
105,2
105,1
105,0
104,3
104,2
104,1
104,0
103,4
103,3
103,2
0,407
103,1
103,0
102,3
102,2
102,1
102,0
90,5
0,406
101,3
101,2
101,1
101,0
100,3
100,2
100,1
100,0
99,3
99,2
99,1
99,0
98,3
98,2
98,1
98,0
97,3
97,2
97,1
97,0
96,3
96,2
96,1
96,0
95,3
95,2
95,1
95,0
94,3
94,2
94,1
94,0
93,3
93,2
93,1
93,0
92,3
92,2
92,1
92,0
91,3
91,2
91,1
91,0
90,4
90,3
90,2
0,405
90,1
90,0
89,3
89,2
89,1
89,0
88,3
88,2
88,1
88,0
0,404
0,403
0,402
0,401
0,400
0,399
0,398
0,397
87,3
87,2
0,396
87,1
87,0
75,5
0,395
0,394
0,393
86,3
86,2
86,1
86,0
85,3
85,2
85,1
85,0
84,3
84,2
84,1
84,0
83,3
83,2
83,1
83,0
82,3
82,2
0,392
82,1
82,0
81,3
81,2
81,1
81,0
80,3
80,2
80,1
80,0
79,3
79,2
79,1
79,0
78,3
78,2
78,1
78,0
77,3
77,2
77,1
77,0
76,3
76,2
76,1
76,0
75,4
75,3
75,2
0,391
75,1
75,0
74,3
74,2
74,1
74,0
62,5
0,390
0,389
0,388
73,3
73,2
73,1
73,0
72,3
72,2
72,1
72,0
71,3
71,2
71,1
71,0
70,3
70,2
70,1
70,0
69,3
69,2
0,387
69,1
69,0
68,3
68,2
68,1
68,0
67,3
67,2
67,1
67,0
66,3
66,2
66,1
66,0
65,3
65,2
65,1
65,0
64,3
64,2
64,1
64,0
63,3
63,2
63,1
63,0
62,4
62,3
62,2
0,386
62,1
62,0
61,3
61,2
61,1
61,0
60,3
60,2
60,1
60,0
0,385
0,384
0,383
0,382
0,381
0,380
0,379
0,378
59,3
59,2
59,1
59,0
0,377
0,376
47,5
0,375
0,374
0,373
0,372
0,371
58,3
58,2
58,1
58,0
57,3
57,2
57,1
57,0
56,3
56,2
56,1
56,0
55,3
55,2
55,1
55,0
54,3
54,2
54,1
54,0
53,3
53,2
53,1
53,0
52,3
52,2
52,1
52,0
51,3
51,2
51,1
51,0
50,3
50,2
50,1
50,0
49,3
49,2
49,1
49,0
48,3
48,2
48,1
48,0
47,4
47,3
47,2
47,1
47,0
0,370
46,3
46,2
46,1
46,0
0,369
0,368
34,5
0,367
0,366
0,365
0,364
0,363
45,3
45,2
45,1
45,0
44,3
44,2
44,1
44,0
43,3
43,2
43,1
43,0
42,3
42,2
42,1
42,0
41,3
41,2
41,1
41,0
40,3
40,2
40,1
40,0
39,3
39,2
39,1
39,0
38,3
38,2
38,1
38,0
37,3
37,2
37,1
37,0
36,3
36,2
36,1
36,0
35,3
35,2
35,1
35,0
34,4
34,3
34,2
34,1
34,0
33,3
33,2
33,1
33,0
0,362
0,361
32,3
32,2
0,360
32,1
32,0
0,359
0,358
0,357
0,356
0,355
0,354
0,353
0,352
0,351
0,350
0,349
0,348
0,347
20,5
0,346
0,345
0,344
0,343
0,342
0,341
0,340
31,3
31,2
31,1
31,0
30,3
30,2
30,1
30,0
29,3
29,2
29,1
29,0
28,3
28,2
28,1
28,0
27,3
27,2
0,339
27,1
27,0
26,3
26,2
26,1
26,0
25,3
25,2
25,1
25,0
24,3
24,2
24,1
24,0
23,3
23,2
23,1
23,0
22,3
22,2
22,1
22,0
21,3
21,2
21,1
21,0
20,4
20,3
20,2
0,338
20,1
20,0
0,337
0,336
19,3
19,2
0,335
19,1
19,0
0,334
0,333
0,332
0,331
0,330
0,329
7,5
0,328
0,327
0,326
0,325
0,324
0,323
0,322
0,321
18,3
18,2
18,1
18,0
17,3
17,2
17,1
17,0
16,3
16,2
16,1
16,0
15,3
15,2
15,1
15,0
14,3
14,2
0,320
14,1
14,0
13,3
13,2
13,1
13,0
12,3
12,2
12,1
12,0
11,3
11,2
11,1
11,0
10,3
10,2
10,1
10,0
9,3
9,2
9,1
9,0
8,3
8,2
8,1
8,0
7,4
7,3
7,2
0,319
7,1
7,0
0,318
0,317
6,3
6,2
6,1
6,0
5,3
5,2
5,1
5,0
4,3
4,2
4,1
4,0
3,6
3,5
3,4
3,3
3,2
3,1
3,0
2,2
1,2
0,243
1,1
1,3
1,0
2,1
2,3
2,0
0,9
0,310
0,305
0,308
0,304
0,303
0,302
0,307
0,12
0,10
0,8
0,0
0,300
0,299
0,298
0,297
0,296
0,295
0,294
0,293
0,292
0,291
0,290
0,289
0,288
0,287
0,286
0,285
0,284
0,283
0,282
0,281
0,280
0,279
0,278
0,277
0,276
0,275
0,274
0,273
0,272
0,271
0,270
0,269
0,268
0,267
0,266
0,265
0,264
0,263
0,262
0,261
0,260
0,259
0,258
0,257
0,256
0,255
0,254
0,253
0,252
0,251
0,250
0,249
0,248
0,247
0,246
0,245
0,244
0,242
0,241
0,240
0,239
0,238
0,237
0,236
0,235
0,234
0,233
0,232
0,231
0,230
0,229
0,228
0,227
0,226
0,225
0,224
0,223
0,222
0,221
0,220
0,219
0,218
0,217
0,216
0,215
0,214
0,213
0,212
0,211
0,210
0,209
0,208
0,207
0,206
0,205
0,204
0,203
0,202
0,201
0,200
0,199
0,198
0,197
0,196
0,195
0,194
0,193
0,192
0,63
0,62
0,61
0,60
0,59
0,58
0,57
0,56
0,55
0,54
0,53
0,316
0,52
0,315
0,51
0,314
0,50
0,313
0,49
0,312
0,48
0,311
0,47
0,309
0,46
0,306
0,45
0,301
0,6
0,5
0,1
0,11
0,4
0,2
0,3
0,7
